place(1.500, 1.000, 3.200, "Militant", 600)
upgrade(1.500, 2.350, 3.200, 300)
upgrade(1.500, 2.350, 3.200, 850)

place(3.500, 1.000, 1.800, "Militant", 600)
upgrade(3.500, 2.350, 1.800, 300)
upgrade(3.500, 2.350, 1.800, 850)

place(5.500, 1.000, 0.400, "Militant", 600)
upgrade(5.500, 2.350, 0.400, 300)
upgrade(5.500, 2.350, 0.400, 850)

place(7.500, 1.000, -1.000, "Militant", 600)
upgrade(7.500, 2.350, -1.000, 300)
upgrade(7.500, 2.350, -1.000, 850)

place(-1.500, 1.000, 4.600, "Militant", 600)
upgrade(-1.500, 2.350, 4.600, 300)
upgrade(-1.500, 2.350, 4.600, 850)

place(-3.500, 1.000, 6.000, "Militant", 600)
upgrade(-3.500, 2.350, 6.000, 300)
upgrade(-3.500, 2.350, 6.000, 850)

place(-5.500, 1.000, 7.400, "Militant", 600)
upgrade(-5.500, 2.350, 7.400, 300)
upgrade(-5.500, 2.350, 7.400, 850)

place(-7.500, 1.000, 8.800, "Militant", 600)
upgrade(-7.500, 2.350, 8.800, 300)
upgrade(-7.500, 2.350, 8.800, 850)

place(0.100, 1.000, 2.100, "Trapper", 500)
place(2.500, 1.000, -0.500, "Trapper", 500)
place(-2.400, 1.000, 4.400, "Trapper", 500)
place(-4.900, 1.000, 5.000, "Trapper", 500)

upgrade(0.100, 2.350, 2.100, 500)
upgrade(2.500, 2.350, -0.500, 500)
upgrade(-2.400, 2.350, 4.400, 500)
upgrade(-4.900, 2.350, 5.000, 500)

upgrade(0.100, 2.350, 2.100, 1500)
upgrade(2.500, 2.350, -0.500, 1500)
upgrade(-2.400, 2.350, 4.400, 1500)
upgrade(-4.900, 2.350, 5.000, 1500)

upgrade(1.500, 2.350, 3.200, 2750)
upgrade(3.500, 2.350, 1.800, 2750)
upgrade(5.500, 2.350, 0.400, 2750)
upgrade(7.500, 2.350, -1.000, 2750)
upgrade(-1.500, 2.350, 4.600, 2750)
upgrade(-3.500, 2.350, 6.000, 2750)
upgrade(-5.500, 2.350, 7.400, 2750)
upgrade(-7.500, 2.350, 8.800, 2750)

upgrade(1.500, 2.350, 3.200, 8000)
upgrade(3.500, 2.350, 1.800, 8000)
upgrade(5.500, 2.350, 0.400, 8000)
upgrade(7.500, 2.350, -1.000, 8000)
upgrade(-1.500, 2.350, 4.600, 8000)
upgrade(-3.500, 2.350, 6.000, 8000)
upgrade(-5.500, 2.350, 7.400, 8000)
upgrade(-7.500, 2.350, 8.800, 8000)

upgrade(0.100, 2.350, 2.100, 4000)
upgrade(2.500, 2.350, -0.500, 4000)
upgrade(-2.400, 2.350, 4.400, 4000)
upgrade(-4.900, 2.350, 5.000, 4000)

upgrade(0.100, 2.350, 2.100, 7000)
upgrade(2.500, 2.350, -0.500, 7000)
upgrade(-2.400, 2.350, 4.400, 7000)
upgrade(-4.900, 2.350, 5.000, 7000)

place(9.500, 1.000, -2.400, "Minigunner", 1850)
upgrade(9.500, 2.350, -2.400, 400)
upgrade(9.500, 2.350, -2.400, 1750)
upgrade(9.500, 2.350, -2.400, 7000)
upgrade(9.500, 2.350, -2.400, 22000)

place(11.500, 1.000, -3.800, "Minigunner", 1850)
upgrade(11.500, 2.350, -3.800, 400)
upgrade(11.500, 2.350, -3.800, 1750)
upgrade(11.500, 2.350, -3.800, 7000)
upgrade(11.500, 2.350, -3.800, 22000)

place(13.500, 1.000, -5.200, "Minigunner", 1850)
upgrade(13.500, 2.350, -5.200, 400)
upgrade(13.500, 2.350, -5.200, 1750)
upgrade(13.500, 2.350, -5.200, 7000)
upgrade(13.500, 2.350, -5.200, 22000)

place(15.500, 1.000, -6.600, "Minigunner", 1850)
upgrade(15.500, 2.350, -6.600, 400)
upgrade(15.500, 2.350, -6.600, 1750)
upgrade(15.500, 2.350, -6.600, 7000)
upgrade(15.500, 2.350, -6.600, 22000)

place(17.500, 1.000, -8.000, "Minigunner", 1850)
upgrade(17.500, 2.350, -8.000, 400)
upgrade(17.500, 2.350, -8.000, 1750)
upgrade(17.500, 2.350, -8.000, 7000)
upgrade(17.500, 2.350, -8.000, 22000)
